0                         6708.520758640192
7.283830926109805E-5      7043.932713427765
7.294482139721947E-5      7044.949881072606
7.305133353333743E-5      7045.975354474162
1.4588964279444241E-4     8053.301115189095
2.1872795205553353E-4     9640.684371009045
2.1883446419165495E-4     9643.405769684023
2.189409763277729E-4      9646.12696453076
2.917792855888744E-4      11614.988366155225
3.6461759484997247E-4     13695.98417434362
3.647241069860904E-4      13698.993838887613
3.648306191222049E-4      13701.991832476837
4.376689283833064E-4      15594.90558580512
5.10507237644408E-4       17031.337458970986
5.106137497805224E-4      17032.961090797715
5.107202619166334E-4      17034.564222584257
5.835585711777419E-4      17803.8039867618
6.563968804388469E-4      17803.02187016583
6.565033925749579E-4      17802.38112177852
6.566099047110759E-4      17801.715988164742
7.294482139721774E-4      17025.949761047963
8.022865232332893E-4      15580.171092246304
8.023930353694003E-4      15577.605987090295
8.024995475055148E-4      15575.015157298807
8.753378567666163E-4      13633.936096680085
9.481761660277283E-4      11420.757726686943
9.482826781638393E-4      11417.439390480518
9.483891902999537E-4      11414.094039520205
0.0010212274995610622     9154.550171529054
0.0010940658088221672     7048.251380320271
0.0010941723209582782     7045.38856736589
0.0010942788330943858     7042.498176059822
0.0011671171423555012     5235.142659225431
0.0012399554516165992     3806.7791485380553
0.001240061963752724      3804.9963435382547
0.0012401684758888455     3803.1880987553673
0.00131300678514994       2767.89506239977
0.0013858450944110243     2085.2850569605885
0.00138595160654717       2084.504186261003
0.0013860581186833157     2083.7025278465326
0.0014588964279443964     1678.316755008763
0.0015317347372054285     1462.3914861257986
0.0015318412493416297     1462.1609181709675
0.001531947761477838      1461.9145649330887
0.0016047860707388527     1356.9484162567653
0.0016776243799997773     1309.3312530691935
0.001677730892136093      1309.2849431582342
0.001677837404272419      1309.2274250739626
0.0017506757135333263     1298.4505950337466
0.0018235140227940115     1334.6528122859006
0.0018236205349305805     1334.759932191244
0.0018237270470671495     1334.861949085668
0.001896565356327807      1450.3736529268217
0.0019694036655880237     1682.9987231952366
0.0019695101777250784     1683.4550659770175
0.0019696166898621296     1683.915646001859
0.0020424549991223083     2062.577285086951
0.0021152933083816126     2591.751467666171
0.002115399820519625      2592.6501002878717
0.002115506332657637      2593.563737602202
0.0021883446419169        3248.3543389223178
0.00226118295117448       3975.1352459075183
0.002261289463314265      3976.241868070103
0.002261395975454057      3977.371608402626
0.0023342342847115123     4703.691823843473
0.002407072593965588      5357.000807195184
0.0024071791061089434     5357.877516473531
0.0024072856182523056     5358.780943207385
0.0024801239275062496     5880.408826417867
0.0025529622367538238     6248.116527145899
0.002553068748903903      6248.513175551415
0.002553175261053999      6248.937798704099
0.0026260135703013963     6477.640527959478
0.002698851879536796      6626.884048646654
0.002698958391699348      6627.026764663265
0.002699064903861924      6627.199047545252
0.0027719032130969976     6782.144643587642
0.002844741522308583      7039.908462237016
0.002844848034495147      7040.362915112832
0.002844954546681752      7040.84765288915
0.002917792855892786      7483.953758347812
0.002990631165057614      8159.558064625976
0.002990737677290932      8160.731192128489
0.002990844189524333      8161.93009956317
0.0030636824986883075     9067.857395914272
0.003136520807760442      10147.413570061384
0.0031366273200848123     10149.124593033092
0.003136733832409356      10150.849695567153
0.0032095721414789995     11300.02166553847
0.003282410450370501      12388.740404977316
0.0032825169628661888     12390.263990439982
0.0032826234753622445     12391.786865251353
0.003355461784220661      13280.669572128209
0.0034283000924061856     13857.63940636906
0.0034284066055854656     13858.205738922914
0.0034285131187665324     13858.760856565237
0.0035013396592785996     14044.449995950828
0.003574186651848773      13821.323348757167
0.003574256712752976      13820.883876897498
0.0035743270606518954     13820.442322128529
0.003647159136997976      13216.704308376104
0.0037197993731980725     12315.302180605837
0.003720075824223786      12311.244232441566
0.003720354727253586      12307.212954513332
0.0037929325912334465     11210.125313510265
0.003864679936742235      10048.148856629738
0.0038659202387841367     10027.491864008474
0.0038672081411007773     10006.493716491246
0.003939092821727157      8871.439051329446
0.004008537179709011      7883.124725468488
0.004012339072848363      7833.145542288685
0.004016360319380911      7781.892594199082
0.004085162776195524      6983.478683050795
0.004146467663974862      6435.775358632088
0.004157035192512842      6360.159864805978
0.004168397238673363      6285.520729995597
0.00423246200859145       5961.450524299981
0.004280633589891572      5847.714151056719
0.004299665963106419      5836.569275826401
0.004358966328190304      5913.270486540662
0.0043814579883022856     5992.400922807627
0.004445950404189627      6364.213750962524
0.004472019139467643      6582.1848692066
0.00453413445022938       7255.732827475181
0.004563428433667091      7654.146477383917
0.004624194353980194      8643.137941817355
0.004654134731857072      9212.97301031752
0.004714407655779164      10517.64960445443
0.004744522647077113      11245.669770795743
0.004804545698664814      12832.00068940052
0.004834655260821771      13688.150796043019
0.004894748497297003      15492.270856572282
0.004924877065542094      16433.73508092843
0.004984907657494399      18350.584662519203
0.005015035819062468      19321.62471279564
0.005075015294512923      21236.94538584321
0.0051051464109719506     22181.150168167234
0.005165111712418211      23990.82947365836
0.005195244748067332      24861.55615186611
0.005255203029795919      26490.888564409815
0.005285337080764044      27260.647660371033
0.005345293272248279      28679.387778224853
0.005375427498375232      29344.49032117406
0.005435383315476574      30570.012485684256
0.0054655175474108315     31149.370704213976
0.005525473383937059      32238.105357572622
0.005555607683722687      32766.542365043486
0.005615563504171323      33796.065566532576
0.0056456978254497015     34314.00849094576
0.00570565366134029       35360.73033004103
0.005735787912862026      35903.011997804184
0.005795743690936711      37021.362215193985
0.005825877941518183      37608.00036436762
0.005885833710890449      38816.42287908083
0.005915968041559427      39447.66473694012
0.005975923820779161      40724.76956562542
0.006006058191949248      41381.56119823604
0.006066013974956756      42673.099881277325
0.0060961482983536396     43322.733044254695
0.0061561040636401824     44557.27795884843
0.006186238335535431      45162.647228547874
0.006246194096339482      46271.72928802269
0.006276328413115052      46801.75737888373
0.0063362842228675866     47739.283361339476
0.0063664185952625445     48177.885998934085
0.006426374523992442      48934.15411227976
0.006456508874169981      49285.65925486003
0.006516465142625015      49893.02012429497
0.0065465994618069        50183.022566357715
0.006606556701032985      50712.61999560275
0.006636691044613013      50984.51730552319
0.006696650565860942      51535.83164657737
0.006726784759838959      51844.33113438777
0.0067867485131276745     52530.7150045226
0.006816881297505522      52934.08294106649
0.006876854877281874      53867.79671825448
0.0069069808672182625     54420.43440407112
0.006966982813553407      55699.9883043295
0.006997084325960598      56446.195698995405
0.007057147774187932      58147.098971196545
0.007087195608628184      59116.47919504678
0.007147361573264458      61284.9647776083
0.007177329354193976      62489.810433015926
0.007237650364068978      65139.155064717655
0.007267517902091309      66573.09397065981
0.007328060368015471      69681.63940110357
0.0073577902826661955     71318.04088563852
0.007418620408786904      74827.79139302464
0.007448124805375376      76618.18782379315
0.0075092787160121        80434.47665842906
0.007538436875560939      82312.02541931727
0.007599856398134423      86304.99342549093
0.007628603106414125      88196.55254495307
0.007690069486849648      92208.25627304982
0.007718604290608878      94056.83462027353
0.00777992083302281       97929.93141155063
0.007808313824546871      99675.7506772017
0.007869255131503003      103268.38718191933
0.007898183429549316      104896.50401808706
0.007958081035751779      108073.5774740771
0.007988088634592919      109563.50288849263
0.00804863779282793       112338.23817625483
0.008078648981282216      113599.08526352489
0.008139718030432865      115907.37080085225
0.008168996169606054      116899.03352338515
0.00823152692300003       118733.16290932773
0.008257201471503906      119392.05633625585
0.00832285294487252       120764.03445136028
0.008344866524942516      121149.67257171136
0.008409640966712347      121975.24656572605
0.00843918877163147       122241.52955118631
0.00850380550440552       122507.11967594213
0.008520952750287981      122532.43724382619
0.008588559716976054      122319.12500774777
0.008603308883867134      122238.42698711778
0.008667457115837593      121621.49316560513
0.008684792356520058      121419.88523108659
0.008746021665695778      120499.18272179156
0.008776561505473925      119974.89539609112
0.008829678538566992      118949.02925424892
0.008856899110429384      118396.23561117622
0.008907277284091866      117332.05689049543
0.008959303119767241      116241.49947546246
0.008977608639146777      115857.04441838498
0.008998097470056372      115431.39308403009
0.00904991769077677       114471.5768627761
0.009096835331702554      113732.05349073949
0.009117752272822802      113445.1587651153
0.009158892242790841      113012.63584861717
0.009188161441289672      112789.79095783888
0.009202918632347486      112728.9798508825
0.009259915530798286      112717.55285979321
0.009312162222694688      113091.23070013714
0.009329915954212061      113304.61866640058
0.009364590610206378      113877.77062015486
0.00939746977654692       114593.11030684489
0.009414372812593733      115038.36608074779
0.009457559752566583      116375.48071024072
0.00950121185273119       118045.75173568942
0.009520479291056594      118895.60867155412
0.009538761472576594      119770.3700539594
0.009593234447651073      122660.79165824575
0.009645838886412142      125916.75557450541
0.009660826206167285      126925.84263585153
0.009685106292802816      128657.04534090374
0.009728041906206786      131885.69153078608
0.009756416008824407      134165.24835560235
0.009795547568836514      137466.53524811054
0.009850705933691596      142430.74655277756
0.009863748509652713      143666.33726553217
0.00987386745783352       144630.2832006597
0.009932067546730653      150303.90170045642
0.009998130075842805      157038.71281620604
0.010000362339217724      157267.43795357537
0.010002906165459626      157534.61724912556
0.010068548041277284      164425.06441912093
0.01012922396820676       170875.90105783133
0.010136358490005128      171624.218034741
0.010143470534280986      172383.2007523578
0.010203848095833997      178784.36186315422
0.010265925204475904      185264.94248590505
0.01027120833609773       185799.96314135785
0.010276143854466947      186307.36073502112
0.010338090936655109      192566.0715960265
0.010404065340162267      198960.80850686692
0.010404553183273291      199006.4652139735
0.010405092805693404      199057.81078260866
0.010470895224892054      205078.7092848277
0.010529361740452457      210095.9357347617
0.010536983545251614      210724.61761028244
0.010545655561641795      211446.61381081023
0.0106029269904916        215929.90889936395
0.01065248150398599       219519.3553694207
0.010668745368802421      220644.90080156608
0.010687711456492084      221944.97117500735
0.010734369427392617      224916.85445030846
0.0107735932949655        227242.79757585833
0.010799851794008978      228718.38266375376
0.010831233457637006      230429.73454222703
0.010865242472929987      232180.1764782362
0.010893154597502896      233565.134979506
0.01093044961740874       235328.14423321752
0.010976382908367555      237464.9285722165
0.010995508759204724      238347.9036632099
0.011010768425277612      239061.2874916864
0.011060454949211573      241365.38567436265
0.01112324502613636       244488.9613351836
0.011125225244871126      244591.32190614927
0.011126755084918234      244672.981330073
0.01118987744940628       248208.65877069143
0.011240887497328891      251492.89936007716
0.011254313993924871      252424.68449769536
0.011271961001618747      253728.24800130984
0.011318668156602825      257490.21069320128
0.011353411486598793      260636.77371335737
0.011382861158932164      263546.17691502126
0.01142248240869018       267880.9560207103
0.011446953241184122      270769.1802697176
0.011464959395295998      273044.65976619994
0.011511210454845228      279346.01339987403
0.01157501995544261       289238.49219079065
0.011575266860585588      289278.76468908833
0.011575440032454934      289308.048634635
0.011638745238842917      300521.5896953638
0.011681508989327277      308899.49454680743
0.011702254257024869      313206.66368948855
0.011733955046388333      320058.22874028404
0.011766834691210329      327489.00863547367
0.011793160100658135      333764.9798708176
0.011828872972456956      342576.6452574567
0.011878291465235365      355411.6503722633
0.011890253276136178      358616.422142615
0.011897471301365672      360618.2164282005
0.011949543640451317      375173.40145728696
0.011988703375359504      386585.49217586877
0.012007988140289489      392386.0278240931
0.012044734241288544      403589.1068805531
0.012066112906721625      410249.28902030975
0.01207570429783092       413305.1152664249
0.012124335978473668      428862.99387351517
0.012172107314163681      444542.06883063633
0.012185957956185394      449194.43487701874
0.012209297213588105      457034.2520214378
0.012245925617398009      469409.9043910704
0.012273432563249777      478882.1304115685
0.01230901109605595       491152.0215642819
0.012366979150088631      511287.3542653834
0.012375807308583238      514338.21261598804
0.012382559916564409      516739.28367938893
0.012449652192306114      540107.5274718335
0.01254069790162929       571617.5238725138
0.012541466724991802      571874.9898514425
0.01254220027887766       572130.9994123812
0.012623208975962159      599625.3294615262
0.012707612285166085      627732.5457014565
0.012708506871770907      628016.8270793109
0.01270931650809483       628288.8938936159
0.012795130648995337      656160.4764652585
0.012866330245920973      679030.8007853839
0.012880911273854372      683741.6798241556
0.012900451181515695      690056.6338812243
0.012967760788138886      711914.86069295
0.013023558108997415      730521.9680653262
0.013054945536006482      741316.0861654694
0.013094613323718411      755312.8048292468
0.01314221337323393       772746.7463430566
0.013180265604842778      787568.1913268429
0.013229522378943826      807714.6199727869
0.013292799634882443      835688.1487409044
0.013316549025943954      846915.8365050653
0.013334798544378166      856057.8842645672
0.01340344991915156       892142.7785613869
0.013486897476181812      942009.2650026871
0.013490099686170392      944105.9728345446
0.01349445916027401       946943.296866585
0.013576696619405713      1003880.8279737635
0.013637066592124         1050651.107059024
0.01366310019765457       1072282.1327148133
0.013699315029881006      1103514.747990912
0.013749461755071003      1149273.2164608145
0.013785392631633593      1184131.998711294
0.013835809133380686      1235282.1650114038
0.01390775313100753       1312830.9770711667
0.013922062030955768      1328720.2370893
0.01393196235981203       1340063.5577896065
0.014008290708596743      1428827.7615878382
0.01407639970557068       1511073.0970534233
0.014094414912022247      1533326.9967300312
0.014121718196450913      1567021.5666110215
0.01418053891738468       1639931.092837334
0.01421875845169721       1687628.5470253152
0.014266610105360655      1746803.1698330059
0.01434203630584509       1838413.6747165336
0.014352605718933837      1851028.8586841344
0.014359202962441937      1859073.4158391212
0.014438645472879805      1951534.0397671147
0.014497614293945945      2017506.334685587
0.01452460055218792       2047167.0944317465
0.014570037935248333      2095624.205777252
0.01461054632622058       2137649.6163258282
0.014634226820311328      2162271.679742372
0.014696494960097131      2224754.782640824
0.014769081908600837      2296196.8179397574
0.014782374539944979      2309453.0260167946
0.014806314179901215      2332989.076150338
0.014868293662955508      2394312.853107002
0.014902181233465227      2428858.9156221934
0.014954194067193461      2482814.3101293095
0.015033733827398475      2569580.7062262865
0.015040042425894242      2576835.1569250207
0.015052215067750202      2590699.726088891
0.015125961351393479      2678891.288565994
0.0151636094311669        2726986.3533865735
0.01521185704217437       2791268.0233126283
0.015292081927084977      2905249.530145958
0.01529771591425011       2913678.5960586607
0.015309385595258185      2931063.5606171247
0.015383656302652505      3045729.339339949
0.015418989974316103      3102893.3247374757
0.01546958777896869       3186403.4477755446
0.015544589985716388      3313159.6015967876
0.015555499004726097      3332032.334116834
0.015579806420051651      3373837.4153569643
0.015641485224323272      3479567.6678544404
0.015668772014540967      3526816.413911889
0.015727496808544444      3626539.077510616
0.015791693125979386      3733197.1582592665
0.015813504969542334      3769190.3327531856
0.01586591874478907       3853322.3816164974
0.01589956204869651       3906129.8425004305
0.015913367778252183      3928078.971052231
0.015985697939968017      4038178.921664141
0.016033785795935247      4110063.966885473
0.016071847260374156      4166634.1353934007
0.016153121440509944      4287253.0627665855
0.01615801629011857       4294749.814437459
0.016171137964420497      4314417.434526368
0.01624430442648997       4427016.219265898
0.016271230449770198      4470632.583273769
0.016330639785430277      4569749.992865834
0.016388293049265326      4672351.7550979545
0.016417012164527126      4726563.074188613
0.016500683975539505      4895529.835294569
0.016503431317945398      4901315.679591199
0.01650436188470856       4903346.48293224
0.01658999846155459       5095096.589889998
0.01661929740836539       5165557.919360351
0.016676620304267507      5307948.802129133
0.016733305864602924      5454641.734956963
0.01676330345701246       5534436.124693339
0.016846411749526308      5757952.069221785
0.016850054589491747      5767892.391016217
0.016862485907739283      5801500.8906133585
0.01693695982017751       5998641.89568431
0.016958507609073352      6054978.8615238825
0.017023957802212365      6217605.080683411
0.01706973381016681       6324126.540234598
0.017111042191801325      6413825.455123735
0.017180134772993114      6547466.327089751
0.017198219897143204      6579349.634335813
0.01726891751494242       6688156.80622633
0.017285513846535185      6710434.721461259
0.01728970733568295       6716036.013336242
0.01737298068756334       6806998.648488965
0.017398397780228194      6829825.2224970935
0.017460560084253774      6875319.17533567
0.017506333572615992      6902494.023952783
0.01754825928694506       6924249.935105846
0.017613534465484533      6955270.912174308
0.017636085579346046      6966456.4405923635
0.01772001959550964       7013697.180342152
0.01772404628321769       7016403.077420329
0.017744085204407123      7029812.546355177
0.017812202647370552      7086415.40819219
0.017825730712333912      7100100.95615555
0.017900521881172596      7188219.519544574
0.01793074636827401       7231834.082909664
0.017988995841543794      7328095.717288405
0.018035107135563163      7416486.464250261
0.018077632255558716      7507174.322109392
0.01813883029475095       7651253.889604836
0.018166438950351974      7721385.628915429
0.01824193267456143       7923722.47528917
0.01825542384619971       7961567.20675295
0.01834443067360695       8213858.889932626
0.018344594959548502      8214331.419263317
0.018345764274278562      8217678.201723027
0.018434011892169776      8461985.67085685
0.01844627393148452       8495171.411117619
0.018523629633655333      8689232.387939423
0.018547548701344185      8744807.005186154
0.018613455811405263      8881119.459788172
0.018648270984736027      8943738.594406534
0.018703498849307828      9027522.068908531
0.01874845555308975       9082079.27308679
0.018793767294484016      9124780.532868953
0.018848116847338347      9160529.596442709
0.018884269821938124      9176129.224999538
0.018947268989567112      9189335.252155373
0.01897501523931878       9190814.829676207
0.019045925794225045      9185221.631195396
0.01906601249182518       9182130.519987743
0.01914410077892003       9167311.271507587
0.019157270667284718      9164850.247208022
0.01924180717457516       9153137.534391753
0.01924879900121415       9152622.269123562
0.019339057934095585      9155572.100637907
0.0193406068808267        9155780.800981265
0.019370881915760002      9160755.411405584
0.01943271813127371       9179337.844488462
0.019435850088549814      9180534.82702947
0.019525132127605573      9223683.191856645
0.01953220794976278       9227853.878259959
0.01961785177983142       9283779.701495113
0.01962815138910081       9291076.19678414
0.01971088718610738       9350123.456227323
0.019723692339414726      9359128.254650155
0.01980424865540131       9410874.504012361
0.01981884242883633       9419121.5530712
0.019897946586382786      9454360.282061333
0.019913612890142877      9459304.114857437
0.01999199137555493       9471735.7281887
0.02000801461254295       9471770.133679053
0.020086393481254187      9459170.66940516
0.020102058326043143      9454298.116996173
0.02018116360527918       9418919.72330886
0.020195754749081578      9410723.83955071
0.020276312828774453      9358871.692710176
0.020289114581402545      9349888.361338738
0.02037185261103302       9290776.20741842
0.02038214839495416       9283470.777054444
0.020467794706523046      9227518.091821589
0.02047486654214858       9223319.381618638
0.02056415109641762       9180166.32887376
0.020567279132835337      9178946.818479406
0.020629040826556155      9160643.8398167
0.02065938909625724       9155394.592713112
0.020660941714123405      9155170.502616325
0.020751195888558387      9152269.945153482
0.02075819089569017       9152731.624193192
0.020842723348783124      9164554.720384214
0.020855895766245146      9166955.311997391
0.02093398088763216       9181907.097217126
0.02095406933997611       9184968.350757899
0.02102497775684463       9190674.203627504
0.021052724901883257      9189214.132943977
0.021115723055211557      9176079.382264772
0.021151876018485623      9160533.577617284
0.021206225734086863      9124825.327962564
0.02125153654826595       9082169.627242383
0.021296494602644694      9027656.446631873
0.021351720652302078      8943868.632699197
0.02138653833295279       8881324.171171216
0.021452442805246268      8744951.62134928
0.021476365464882158      8689472.854296956
0.02155371780671643       8495339.225731775
0.021565984410861553      8462218.930067183
0.02165427211775645       8217723.825079066
0.021655402804894655      8214522.125162329
0.021655561651197693      8214066.079244231
0.021744575560592307      7961691.739377007
0.02175806066542729       7923866.692024421
0.02183356228255359       7721457.068813807
0.021861164475873968      7651301.770297047
0.02192237095259272       7507199.053118115
0.021964889470517935      7416500.478009318
0.022011009445150168      7328081.603640837
0.02206925243313544       7231887.837142262
0.022099485531283866      7188187.726835856
0.02217427055803633       7100188.565885085
0.02218780688254397       7086405.158962401
0.02225596526800722       7030173.1163012525
0.02227596535018023       7016464.320320006
0.022279984278958914      7013733.781271777
0.02236392808227206       6966604.012129865
0.02238647220788241       6955393.462203973
0.022451756399296287      6924474.4990263665
0.02249367609874091       6902754.681077197
0.022539457635773762      6875614.594484328
0.0226016151608167        6830130.967109892
0.022627039043155276      6807348.970473097
0.02271030910635075       6716371.609993998
0.022714507793123947      6710796.497839786
0.022731123607553996      6688788.508920039
0.02280180346139972       6579681.4484012425
0.0228198852582804        6547898.769680404
0.022888982627310542      6414097.949807618
0.022930289744907257      6324379.248198945
0.02297606821970509       6217791.675460047
0.023041519252828303      6055004.761657182
0.023063067139496282      5998714.677964877
0.023137534994830688      5801309.823528356
0.023149973030995613      5767831.734767729
0.023153618149081935      5757888.663180138
0.023236724557704706      5534244.687445966
0.02326672673709139       5454390.398844079
0.02332340783358799       5307666.04470792
0.023380737459567442      5165264.99411989
0.02341002952615948       5094760.339749192
0.02349567474648243       4903000.401488978
0.023496596247122317      4900980.454704661
0.023499316621140045      4895170.593077558
0.023583014695205864      4726263.214460186
0.023611744852997045      4671977.264377722
0.02366938614860134       4569512.038015208
0.023728808026418476      4470494.450618467
0.02375572033714274       4426864.960288131
0.023828845437836383      4314576.118596325
0.023842007024469116      4294707.170645124
0.02384691701185423       4287179.10359619
0.02392817447557907       4166704.9943396305
0.02396625177742534       4110150.9737163424
0.02401432203045385       4038331.8933861633
0.024086668167272535      3928206.400478977
0.024100455976454313      3906331.5235048807
0.02413405501098967       3853688.826017731
0.024186510845231286      3769407.800641594
0.024208340385666684      3733454.117313594
0.024272516513145534      3626741.3852763353
0.024331257193693827      3526897.839934867
0.024358525144176683      3479722.583461693
0.02442016508626491       3373841.1717617293
0.024444508182772606      3332108.405887606
0.0244554322537498        3313242.1054881737
0.024530417044141044      3186390.3804909787
0.02458102380651404       3102805.8385609095
0.024616347803611997      3045634.8928394215
0.024690610907376814      2930905.8300172244
0.024702289824496213      2913514.0884628454
0.0247079275540613        2905066.51564277
0.0247881519231172        2791045.4787150645
0.02483640317747436       2726757.051109505
0.02487405125717683       2678646.9306692844
0.02494779373926237       2590554.9280176926
0.02495997278054014       2576603.5515197716
0.0249662850650287        2569320.2344786106
0.025045822144055308      2482618.0092161577
0.02509784159683541       2428706.20349361
0.025131722482914096      2394170.0876648114
0.02519368747093647       2332968.3165695854
0.025217641112465494      2309375.062072152
0.02523094183930419       2296104.0737560685
0.0253035203114491        2224740.878421982
0.025365796903745533      2162289.8373623844
0.02538946867169317       2137685.706733358
0.025429961937715736      2095696.9123645998
0.025475414233387898      2047239.3107514135
0.0255024094505126        2017584.0195821782
0.02556136917984489       1951622.8220773472
0.0256408207576463        1859142.4228252338
0.02564740886996223       1851114.0677889679
0.025657963638870136      1838532.3729138293
0.025733404493128626      1746870.767191707
0.025781265525928746      1687669.4742872734
0.025819475715640486      1639972.2320231523
0.02587828181658139       1567063.657061751
0.025905601073713973      1533338.3586607727
0.02592363589638264       1511052.4201731177
0.025991729029639032      1428811.2550984242
0.02606810411174093       1339982.6033613083
0.026077964803093923      1328681.2296808749
0.02609221238103619       1312857.2170958098
0.02616423002862907       1235229.0633232123
0.02621472397620799       1184004.0130087263
0.026250595274535257      1149213.5980404788
0.026300634259594644      1103550.5038607882
0.02633718313535639       1072051.1615879063
0.02636365610831465       1050102.0291594127
0.02642406482145124       1003349.3571739794
0.02650575185219013       946829.6826467226
0.02651105549600921       943413.9455405177
0.026515008577975573      940847.4764316849
0.02659819589873467       891299.0308294256
0.026668705362914984      854383.8951835218
0.026685781442138623      845893.775517185
0.02670783156599042       835524.4142138356
0.026774102708543183      806279.5557735888
0.026825015814592235      785592.2518111749
0.02686269736364405       771003.035283508
0.02691043478312186       753605.1090163522
0.026951563781208443      739155.0076343293
0.02698391183690072       728064.0213924659
0.027040830818642426      709185.3236674789
0.027110237927401932      686752.3577402786
0.027130237373092395      680226.4132511185
0.02714695573452717       674784.2049812761
0.027219736018340532      651409.7726641609
0.02729832896521084       625813.9328253092
0.02730785745964709       622612.611656797
0.0273173770607536        619440.0059290079
0.027393973468997516      593843.9182604855
0.027473896960242286      566589.9028355451
0.027478300727922497      565054.4757252604
0.02748126197312863       564024.3517495528
0.027570030213215597      533264.2536246078
0.027597548120504377      523646.51511675154
0.02766142021284192       501390.9891178651
0.02766393881886841       500507.2922755129
0.027666143263415585      499738.082042243
0.027718450455500216      481642.82156903145
0.027739898406694934      474270.2839549857
0.027764553010614403      465828.6341112024
0.02780210596510906       453144.7622127567
0.02781455064691708       448981.66294787574
0.02782086535004196       446856.3588848699
0.027868191585640103      431265.98379581375
0.027908415768287398      418279.9616415279
0.027928073348536878      412009.22863066266
0.027960019968975278      402068.3686160839
0.02798349431446965       394878.70365441375
0.028004537218272146      388544.7658246498
0.02804292704491665       377262.78894999775
0.02806291004842405       371518.19721207017
0.02811034574428242       358387.7657510459
0.028126794531861298      353978.6345653849
0.028161433255789108      344951.6200667003
0.02819846125658714       335708.6994140153
0.028222703749614806      329871.8190416704
0.028259607227152095      321404.93212833523
0.028285110517032624      315810.5034993557
0.028302039357427665      312201.63878442335
0.028349266434810016      302724.0261976798
0.028408448857409705      291955.86328378844
0.0284130365672637        291153.076928617
0.02841970851964063       290030.92436853657
0.028476788683165465      281024.4189688495
0.02851678473516461       275391.5637390216
0.02854138095567593       272160.82759258064
0.028576065124558042      267988.03617378994
0.028606036928634913      264656.8830378063
0.028627881250015443      262398.1233942007
0.028670653134922147      258387.65480434487
0.028728401747623977      253692.8057463262
0.02873538338985076       253157.10400204535
0.028740678868427856      252764.4898604342
0.02880004528793635       248809.76384723542
0.028854995689556944      245653.62549899062
0.028864810805705413      245108.0485788684
0.02887741847151719       244440.9351692701
0.028929407883002068      241853.619782349
0.02897041269805542       239941.63852237296
0.02899404077111683       238844.57991922979
0.02902369944683764       237483.09720274527
0.029058651289254604      235853.19758372774
0.029086858236330757      234539.42715685623
0.029123325918570583      232773.48126160278
0.02916810124949473       230485.703813006
0.029188103299473904      229395.49821663488
0.02920463232512684       228498.82957367608
0.029252963512129963      225699.80603514524
0.029310973239854814      222027.63676046694
0.029318015185155148      221549.96268825905
0.02932396156581149       221156.93601361185
0.02938321944604751       216953.96011432755
0.029444940427517163      212178.57295962345
0.029448619044913943      211881.8169708163
0.029452892664269127      211540.70161316282
0.029514129889746995      206360.62632909065
0.02956749617058708       201557.2001471118
0.02957981206228203       200413.7034635321
0.02959384830205713       199111.6001835862
0.02964554942150962       194124.41158351037
0.02969136278796865       189553.56154912498
0.02971144772534111       187506.60818738744
0.029733920618807374      185217.0097138232
0.02977712515440645       180721.95228679356
0.029815912305361972      176633.90481159065
0.02984267752670875       173783.98301692854
0.029872266238116847      170654.79755160314
0.029908399083182956      166817.63912724773
0.0299417704802836        163281.03718476018
0.02997431182445306       159846.1109632346
0.03000941627353758       156212.69130244377
0.0300404979165314        153036.2146373004
0.030070303128922587      150035.21212819006
0.03010689410562826       146431.90085376817
0.03014435711737909       142884.64583894907
0.030173282864310622      140230.26358778807
0.030202698745713286      137614.22392262178
0.030239451313224745      134486.59724517158
0.030275881279981775      131577.8701405491
0.030305356980176217      129349.10238292048
0.030334470205394367      127264.8945136131
0.03037127256531569       124816.81103043894
0.030409384699447203      122526.46328610995
0.030437220865871428      120993.87528336984
0.030463405979111544      119666.88940751724
0.030502969956705803      117893.51263958178
0.030546459698365377      116265.03267335382
0.03056992735532721       115505.8351990457
0.03059100362454007       114901.57489592339
0.030638513122173756      113840.55838212749
0.030685149691334145      113149.55457342087
0.030707255413128166      112918.7922917572
0.03073448718420907       112756.47870917896
0.030772662098938156      112693.93559531131
0.03080486191380897       112786.12181586828
0.030836600766377675      112988.44268046063
0.030866507210750665      113280.73312544741
0.030903847267212684      113757.73097065353
0.030955729472259663      114591.90375011943
0.030963595635084867      114728.57058094833
0.030969815027085394      114844.04920641994
0.031022619725163944      115876.00312002728
0.031056092176680088      116571.33770395188
0.03108933486377898       117272.66101658202
0.031148717033299165      118530.90759653148
0.031149985712813348      118556.09752117863
0.03121478644207943       119831.09755405522
0.031235289958939344      120192.43601432219
0.03131272815698673       121401.81047777177
0.03131884829822245       121476.75822641751
0.03138711679970059       122176.82448858251
0.03140254595503937       122281.90534764141
0.031469652453902555      122533.31801992175
0.03150570241577976       122507.0886072737
0.03156596257664452       122202.40973121006
0.03159695703136225       121914.02471694487
0.03166028646427227       121057.31091200004
0.03168828939376753       120556.06465405652
0.03174692822059363       119276.907941438
0.03177460288897317       118556.86581457005
0.03183397820958274       116781.78827246305
0.03186322181639715       115783.25770038563
0.031922647780996         113524.23289085936
0.03195341584068785       112225.98022943214
0.03201322671399802       109478.87740385855
0.03204379809733136       107955.97711657213
0.03210346914204926       104788.78959050887
0.03213332075043275       103104.56361177239
0.03219312455337174       99579.75678330554
0.03222272419703215       97758.31329524577
0.03228292288576545       93959.57890177889
0.0323123833998713        92052.38142297872
0.032372779550469716      88116.39526055811
0.03240210714563223       86189.89928477554
0.03246266732233266       82259.38953193424
0.03249204371955135       80371.61838368836
0.03255257354869279       76599.90996223777
0.032582145929159465      74808.27885843081
0.03264254344409024       71327.14144488174
0.03267237253212725       69686.33224799293
0.03273258819287462       66596.50143349868
0.03276263547061127       65152.97587009214
0.03282270775241955       62515.82768201509
0.032852851941784104      61301.246423179706
0.03291284678539512       59140.26928423145
0.03294298541530993       58164.146749845546
0.03300295083312458       56467.43233164566
0.03303308516958282       55716.103417155435
0.03309304067877244       54438.83870157689
0.03312317491866867       53882.03272671191
0.033183130722019116      52949.451522890195
0.033213264968340275      52543.07376218366
0.033273209200909586      51856.85880427408
0.03330333812362858       51546.97756991681
0.03336330288314433       50994.186126391396
0.033393435959670474      50722.68894883123
0.03345339806288852       50189.92026182994
0.03348353258506846       49902.004144222374
0.0335434914122545        49289.70725786856
0.033573625741933386      48941.51208607448
0.03363358152359065       48178.84613120265
0.03366371581943037       47744.04097149769
0.033723671606284505      46799.30816773496
0.03375380589025572       46272.744662933044
0.03381376167611308       45156.62857272084
0.033843895983545244      44553.710215621846
0.03390385178063386       43313.38266949129
0.03393398610172664       42664.843508062484
0.033993941903883204      41369.671707591406
0.034024076200412826      40712.70363551088
0.034084031997859934      39434.5714051192
0.034114166254943665      38802.352260519714
0.03417412203969485       37595.38015075835
0.034204256323885456      37007.64115170576
0.03426421209061906       35892.549413740424
0.03429434643778837       35349.6839602329
0.03435430219456006       34307.04108526812
0.03438443656738406       33789.40589206649
0.03444439230896543       32763.801813226244
0.03447452665555838       32236.547306434662
0.03453448238492464       31150.906759299054
0.03456461671266588       30573.225622800637
0.03462457244252528       29349.782188380887
0.03465470679398058       28686.264702036908
0.03471466253057684       27268.849779801032
0.03474479690888448       26500.00391840187
0.03480475263831127       24871.78786110377
0.03483488700824169       24000.910560328717
0.03489484271326662       22192.769858955406
0.03492497707161924       21247.258463365346
0.03498493275439242       19334.366916496052
0.035015067151443396      18361.047923508257
0.03507502284537649       16448.508524256722
0.03510515731567553       15504.28980459261
0.03516496078965852       13710.330990181563
0.0351948739823687        12856.654406273474
0.035254847661462516      11271.424374331344
0.035284575553159794      10549.311737688859
0.035344582194135485      9247.236239687043
0.03537449197273236       8674.15434963481
0.03543432564355038       7693.75507132018
0.03546505392147141       7272.294110619229
0.03552416955864221       6622.198049528052
0.035556182664340186      6353.515689186308
0.03560814292158919       6040.592283790156
0.03564751116224936       5900.420704617368
0.03569875926479638       5838.695465113268
0.03572211161052175       5854.270371954649
0.03576950020255161       5969.427437969658
0.03584282045548416       6358.382547414169
0.0358451787101947        6375.918266176711
0.035847425020498334      6392.978052253177
0.03591891199907937       7023.401355403775
0.03598834301198163       7837.957747917778
0.035990534360620136      7867.673335832047
0.03599272318040432       7897.413958355325
0.036062804600092715      8895.022448922813
0.03613373362218186       10015.092170984968
0.03613521890214867       10040.004412728984
0.036136691388534134      10064.538061442052
0.03620765480335442       11211.897948878666
0.03627937318936708       12295.604227449188
0.0362801536121434        12306.925635186586
0.03628092757781383       12318.014839123647
0.036352890674161864      13209.663841283118
0.03642551580988977       13813.258549203561
0.036425725655801766      13814.533082809578
0.03642593497498082       13815.77018532598
0.0364986518997375        14039.822764976627
0.03657148573688152       13856.376908294316
0.036571593460181406      13855.795544067056
0.0365717011733819        13855.203066531823
0.03664453821563336       13280.572968428818
0.03671737652489124       12393.805888518016
0.03671748303703433       12392.293531515872
0.036717589549177476      12390.77978451048
0.03679042785847218       11303.643806894439
0.03686326616774032       10155.729659424676
0.03686337267987115       10154.019726304952
0.03686347919200202       10152.318958896194
0.03693631750128992       9072.998230065925
0.03700915581056076       8167.521976108979
0.037009262322688447      8166.3047635286375
0.03700936883481616       8165.105778834993
0.03708220714409719       7489.02832654638
0.03715504545336733       7046.120384183786
0.0371551519654952        7045.5733772498925
0.037155258477623104      7045.051553768419
0.03722809678689848       6787.122479279651
0.03730093509616707       6632.442422318287
0.037301041608296184      6632.191740014656
0.037301148120425315      6631.971515328123
0.03737398642969657       6483.14760253816
0.03744682473896373       6254.511980679842
0.03744693125109422       6254.031190808863
0.037447037763224694      6253.584180903042
0.037519876072493186      5886.2414468591105
0.037592714381758985      5363.993627814409
0.03759282089389049       5363.072569867371
0.037592927406022006      5362.184993692968
0.03766576571528839       4708.447584316933
0.03773860402455294       3980.717329047546
0.03773871053668547       3979.5986320027905
0.037738817048818         3978.5077166048422
0.03781165535808305       3250.4634045251455
0.03788449366734704       2593.948033611045
0.0378846001794802        2593.057431169724
0.037884706691613375      2592.1837285113415
0.037957545000877634      2061.529786328515
0.03803038331014122       1681.5176762623958
0.0380304898222748        1681.0820701723173
0.038030596334408376      1680.6502850314525
0.03810343464367218       1446.9613910213081
0.038176272952935526      1330.8554780351353
0.03817637946506938       1330.773109558383
0.03817648597720323       1330.6834102100825
0.03824932428646667       1293.9989505556446
0.038322162595729875      1304.777307327247
0.0383222691078639        1304.8410871747276
0.038322375619997906      1304.8907477947864
0.03839521392926115       1352.3500822688438
0.03846805223852426       1457.3809196364764
0.03846815875065838       1457.6216880057984
0.0384682652627925        1457.8450154541079
0.03854110357205562       1673.553327972812
0.03861394188131867       2078.586565969643
0.03861404839345284       2079.390369654728
0.038614154905587006      2080.173642997416
0.03868699321485007       2762.2219060788025
0.03875983152411308       3796.7364693011814
0.03875993803624729       3798.575429757416
0.03876004454838149       3800.388343547184
0.03883288285764451       5227.8146601954395
0.03890572116690752       7034.549981428901
0.038905827679041736      7037.490092625678
0.038905934191175946      7040.396662505843
0.038978772500438956      9145.75209490863
0.03905161080970193       11405.641720998317
0.03905171732183617       11409.010156500035
0.039051823833970406      11412.339253646896
0.03912466214323339       13625.26050504523
0.03919750045249637       15567.99864648885
0.03919760696463061       15570.543704930566
0.03919771347676484       15573.049719035065
0.03927055178602783       17019.788559894714
0.03934339009529081       17797.996506552725
0.039343496607425046      17798.555865047823
0.039343603119559284      17799.084307460886
0.039416441428822266      17801.845531479757
0.03948927973808524       17034.756808862443
0.03948938625021948       17033.047072827594
0.039489492762353716      17031.319767814755
0.03956233107161669       15596.95694597879
0.03963516938087967       13705.159996240809
0.03963527589301391       13702.108346906298
0.03963538240514815       13699.052124294363
0.03970822071441113       11619.288532231894
0.0397810590236741        9650.664248209256
0.03978116553580834       9647.938210302102
0.03978127204794259       9645.21544303262
0.03985411035720557       8058.080302175224
0.03992694866646852       7050.850138532817
0.039927055178602774      7049.815459733306
0.039927161690737026      7048.787037783936
0.039999999999999994      6713.6633891928495
